function robot = makeWam7()
    
    % degrees of freedom
    robot.dof = 7;
    
    % screws A_i, i-th screw described in i-th frame
    robot.A = [0         0         0         0         0         0         0
   -1.0000    1.0000   -1.0000    1.0000   -1.0000    1.0000         0
    0.0000    0.0000    0.0000    0.0000    0.0000    0.0000    1.0000
         0         0   -0.0000         0   -0.0000         0         0
         0         0    0.0000   -0.0000         0         0         0
         0         0    0.0450    0.0450         0         0         0];
     
    % link frames M_{i,i-1}
    robot.M(:,:,1) = [1.0000         0         0         0
         0    0.0000   -1.0000         0
         0    1.0000    0.0000         0
         0         0         0    1.0000];
     
    robot.M(:,:,2) = [1.0000         0         0         0
         0    0.0000    1.0000         0
         0   -1.0000    0.0000         0
         0         0         0    1.0000];
     
    robot.M(:,:,3) = [1.0000         0         0   -0.0450
         0    0.0000   -1.0000    0.5500
         0    1.0000    0.0000   -0.0000
         0         0         0    1.0000];
     
    robot.M(:,:,4) = [1.0000         0         0    0.0450
         0    0.0000    1.0000         0
         0   -1.0000    0.0000         0
         0         0         0    1.0000]; 

    robot.M(:,:,5) = [1.0000         0         0         0
         0    0.0000   -1.0000    0.3000
         0    1.0000    0.0000   -0.0000
         0         0         0    1.0000];

    robot.M(:,:,6) = [1.0000         0         0         0
         0    0.0000    1.0000         0
         0   -1.0000    0.0000         0
         0         0         0    1.0000];
     
    robot.M(:,:,7) = [1.0000         0         0         0
         0    1.0000         0         0
         0         0    1.0000   -0.0600
         0         0         0    1.0000];     
    
    % joint limits
    robot.q_min = -ones(7,1)*pi;
    robot.q_max = ones(7,1)*pi;
    robot.qdot_min = -ones(7,1)*pi;
    robot.qdot_max = ones(7,1)*pi;

    % matrix B for base parameters, Phi_B = B * Phi
    robot.B = [0,0,0,0,0,-0.000113879912684095,-2.77555756156289e-17,-5.55111512312578e-17,0,0,-2.77555756156289e-17,-1.38777878078145e-17,0,-4.33680868994202e-19,-0.00309587969022465,0.000135381228381372,0.00298199977754056,-0.00510653418777776,-0.000279714427866703,0.00908873044542955,-0.00113228698142018,-0.00448980626750581,0.00375005941964108,0.000811758167045624,-0.00682365058348159,0.0132701390758065,0.00386315212163831,-0.0109669135914106,0.00170671873575018,0.00282082528037721,-0.00113710969758588,-0.000732690340502023,-0.00119615762551728,0.000345782520104339,0.0178655930414606,0.0300827003458248,-0.0114191045491357,-0.0446203509458423,-7.40963422000603e-05,0.0113023457669110,0.00328197146330110,0.0241562921783221,-0.0291147585524756,-0.0223763709758650,0.0404630697212794,-0.0132677695692763,0.00748522366600600,0.0769036925189343,-0.0219336800772525,-0.0798053982889309,0.00328197146330110,-0.00454491257305348,-0.0223763709758650,0.0659548631398307,-0.0346106447017791,0.0377068658491262,0.0618059448537821,0.308608212162237,-0.0958596245753556,-0.172993370194430,0.00725040964782140,-0.000596126718555765,0.0338139815954960,0.0663264096775124,0.114772028961422,-0.111675807814075,0.0483635723993855,-0.870291668224552,0.206754067314224,-0.00221565359178673;0,0,0,0,0,0.000677666357063695,1.66533453693773e-16,1.11022302462516e-16,-2.77555756156289e-17,-5.55111512312578e-17,0,5.55111512312578e-17,2.77555756156289e-17,-5.55111512312578e-17,0.00498073493606474,0.000342463608657112,-0.00430306857900094,0.00659275960012936,0.0136375834813271,0.00279827016838401,0.00146255988935529,-0.00384175108445134,-0.00563272468638345,-0.00824042928332005,0.00768754672508653,-0.0100658386725987,-0.00236434818036470,-0.00495097139579025,-0.0129879513826393,0.0243790227304092,0.000986200207500727,0.0102828862587295,-0.0100865590437279,-0.00105419849858595,-0.0178914159532380,-0.00878235846906338,0.0155131240057258,-0.0410251057868405,-0.0205340969918404,-0.116288111132577,-0.00173069904008218,0.0418255934734069,0.0170584631519668,-0.0262725320333560,-0.0599763151010175,0.0672343848975284,0.0333025406787162,0.0264172676716001,-0.0417928782584906,0.0623833974665944,-0.00173069904008218,0.00337269322504050,-0.0262725320333560,-0.0654243444718936,0.0704061459395878,0.0521968228966310,-0.0631480761430769,0.112250182374275,-0.0385183008821824,0.288023275340265,-0.00521478902058542,0.00421336387171504,0.00225378088508549,-0.0507119882115474,0.0107138010978603,0.111889167738358,-0.0877805947526432,0.138799973543978,0.786806075164599,-0.434616441433949;0,0,0,0,0,-0.000558418655334117,-1.66533453693773e-16,-1.11022302462516e-16,1.56125112837913e-17,5.55111512312578e-17,0,-1.38777878078145e-17,5.55111512312578e-17,-1.11022302462516e-16,-0.00606801874067720,-0.000326490569161453,0.00550960008534307,-0.00226921903023391,-0.00472505155717851,0.000526642872065820,-0.000905270192125285,0.0234545126897920,0.00521089719143858,-0.0124753057811287,-0.0105526825927702,0.00887105977371064,0.00415817328293145,0.0405125122085350,-0.0234911277048858,-0.00988476570129961,-0.000288718511540337,-0.0129052376771839,-0.0117484466373747,-0.00825547562847504,0.0290624815733417,0.0130571981644133,-0.0307441043924013,0.0161524254167564,0.0695458140981764,0.0430297568849131,0.00102540997631510,-0.0674231419797794,-0.0170163322141780,0.0288947898693647,0.00325897542922369,-0.0861364409482030,0.0388607043085314,-0.270701685758113,0.000765837037360544,0.236586182652382,0.00102540997631510,-0.0110707293847557,0.0288947898693647,0.0280061708430332,0.289154559580686,0.0627333484752340,-0.372032025099665,-0.162800379681693,0.0261793474750339,0.0426401470391752,0.00397257669589840,-0.121042752400658,-0.0569596219326049,0.0702327198097436,0.104450230130517,0.247437677925403,-0.408560201736551,-0.139735665013302,0.197546719033286,0.516110701660216;0,0,0,0,0,0.000759956163648362,1.66533453693773e-16,5.55111512312578e-17,2.77555756156289e-17,0,-1.11022302462516e-16,1.11022302462516e-16,0,0,0.00165653548088476,-1.03470028728347e-06,-0.000896579317236246,0.0187756077578793,-0.00503282339025155,-0.00303821718105390,0.000141149079793736,-0.00910287651376753,-0.00125805018674002,0.00203156753000175,0.0155440404001283,-0.0107976513842053,-0.0138885396195309,-0.0125111260426023,0.00349701145287855,-0.00240469402041212,-0.000210848362089179,0.00715761585109509,0.00193034956370959,-0.00917696439871276,-0.0458576545903873,-0.0358362764045163,0.0506040436063103,-0.00224928813982593,-0.0363034665649944,0.0237371288366214,-0.0103163914712443,-0.0372448832632803,0.0581933229956549,-0.0110804170501236,0.0712134611446498,0.0798505914785219,-0.152907392139553,-0.119656559774847,0.0418081463748184,0.00824366761278453,-0.0103163914712443,0.0141599608926235,-0.0110804170501236,0.00477220709769577,0.292211196939667,-0.202202292072774,-0.141147144316496,-0.180571818520622,0.174907550239936,0.0301489720060706,-0.00970602698786177,-0.00897393603873246,0.0251096327568374,0.0155732756817230,-0.281215060394055,0.371223965260948,-0.152392381606485,-0.298511657767466,-0.305499140841944,-0.548179876335254;0,0,0,0,0,-0.000210137621692499,-1.38777878078145e-17,-2.77555756156289e-17,1.38777878078145e-17,5.89805981832114e-17,-1.11022302462516e-16,2.77555756156289e-17,-1.24900090270330e-16,5.55111512312578e-17,0.00778690523374223,-0.000346518615092550,-0.00799704285543434,0.0168648341015353,0.00462067600967482,-0.00289551429244103,0.00173166401951087,-0.0127723226690033,-0.00734196828932158,-0.00348271677329939,0.0273032633257947,-0.00764408007038695,-0.0198628767071451,-0.0187212664709553,-0.00560721596167634,0.00886106654172012,0.00136124721105535,0.00634460628243816,-0.00423050922532495,0.0214365162937622,-0.0560661500587984,-0.0337947033162841,0.0757253333142061,-0.0166176100450120,-0.00437616728287106,-0.0514410862889414,-0.000295274704573406,